3.49395
3.39038
3.30898
3.12851
2.90651
3.35626
3.06472
2.79156
2.85977
2.85404
2.79561
2.68321
2.88724
2.63578
2.85088
2.68541
2.75367
2.53853
2.55272
2.73608
2.75315
2.68403
2.60244
1.19887
1.40445
1.33613
1.12725
1.11655
1.1518
1.12793
1.12787
1.14806
1.12306
1.12485
1.12964
1.15313
1.14937
1.16133
1.14495
1.14433
1.1425
1.12906
1.13879
1.11955
1.12493
1.12725
1.02602
1.03354
1.03253
1.0376
1.02802
1.03102
1.02902
1.03205
1.02802
1.02802
1.0376
1.03052
1.03405
1.03052
1.03203
1.03304
1.03405
1.04169
1.04067
1.03102
1.03811
1.02106
1.02602
2.82027
2.66716
2.79328
2.82544
2.71573
2.66591
2.65022
2.79835
2.63541
2.83601
2.6268
2.71
2.69801
2.66342
2.60033
2.8153
2.68959
2.63779
2.66591
2.58499
2.71579
2.61506
2.64942
2.01497
1.98177
1.89129
1.93361
1.97276
1.8868
1.87262
1.93404
1.9641
1.90764
1.86126
1.98811
1.89737
1.92188
1.9732
1.88971
1.92889
1.99343
1.93071
1.86272
1.91598
1.86282
1.898
116.405
124.121
130.161
169.782
109.5
137.825
116.096
115.076
145.313
111.267
106.217
123.188
151.353
130.42
108.503
116.82
150.312
131.335
129.903
111.932
135.685
125.188
121.251
1.06317
1.06909
1.06264
1.07234
1.05893
1.06424
1.06801
1.05787
1.0621
1.06371
1.06964
1.06531
1.06585
1.06264
1.06909
1.06533
1.06372
1.08167
1.07892
1.06157
1.07125
1.05206
1.05418
1.51607
1.54528
1.49771
1.56476
1.54922
1.50921
1.56764
1.54399
1.53907
1.51294
1.53148
1.53563
1.58958
1.55027
1.54909
1.59277
1.60633
1.53123
1.53256
1.56053
1.5424
1.51821
1.52052
10.289
10.9904
9.56381
9.7742
10.3902
10.8467
10.1851
10.6858
10.5406
10.2769
10.5737
9.97124
11.2181
10.4174
9.88626
9.57709
10.6841
10.6191
11.4774
9.85949
11.02
9.88775
10.4958
3.32114
3.33695
2.88083
2.69818
2.678
2.64162
2.51182
2.34237
2.37596
2.30809
2.1986
2.21151
2.27275
2.14777
2.2606
2.16223
2.16262
2.0913
2.03905
2.17504
2.14587
2.17381
2.11649
2.34028
2.17201
1.8333
1.84924
1.76004
1.81362
1.77792
1.73527
1.73513
1.72304
1.76243
1.72688
1.72889
1.72377
1.76811
1.68009
1.68692
1.70215
1.65849
1.7019
1.69458
1.76502
1.70031
3.46001
2.85909
2.4664
2.23337
2.06963
1.85198
1.70341
1.60988
1.5463
1.5234
1.53392
1.51149
1.48567
1.49889
1.4225
1.42076
1.41811
1.39204
1.4363
1.42581
1.40111
1.42883
1.4414
13.3802
13.5573
14.1623
13.0161
14.4671
14.1654
13.0915
14.3279
13.591
13.8554
13.8759
13.2209
14.8979
13.9915
13.8833
14.3311
13.507
13.6761
12.9646
14.2951
13.3136
13.7767
12.5009
5.46315
5.2345
5.015
5.71518
5.39724
5.18892
5.01212
5.52673
5.34137
5.41866
5.16927
5.11161
5.3897
5.83606
5.59921
5.47616
5.22616
4.93141
4.85722
4.98771
5.13143
5.77919
5.22303
1.20303
1.22246
1.20712
1.2051
1.20781
1.19213
1.20857
1.21475
1.23172
1.19278
1.20641
1.21329
1.247
1.23181
1.24328
1.23031
1.25296
1.23248
1.22392
1.23315
1.20926
1.20717
1.19891
7.88593
8.00537
7.87598
8.50013
7.56854
7.7356
7.45575
7.84862
8.38163
8.09586
7.94183
7.81959
7.92886
8.10287
8.5062
8.61579
7.56286
7.98635
7.65295
7.67356
8.13707
7.61825
7.59573
51.2
46.3972
49.6673
49.3866
52.7029
58.358
56.2782
51.4209
46.9624
50.8622
52.0747
49.7805
51.7253
49.9512
47.5071
46.7447
55.7516
51.4209
52.7878
50.8228
52.345
53.2813
55.3046
5.63872
5.6409
6.06646
5.67903
5.61721
5.9084
5.98147
5.76394
6.0374
5.64503
5.78889
5.83242
6.22315
5.94835
5.93193
6.37448
5.81663
5.86426
5.63169
5.89353
5.64309
6.17594
6.09439
10.5874
9.95988
9.52489
9.72922
10.3844
9.81739
10.9018
10.3459
10.5968
10.0262
9.57569
10.3885
10.0957
9.85726
10.2858
9.91918
9.72922
10.2923
9.991
10.0246
10.1222
10.5135
9.94326
3.78176
3.53161
3.04656
2.89816
2.81936
2.8584
2.85547
2.60467
2.66293
2.71562
2.7464
2.60866
2.77813
2.54454
2.73306
2.61819
2.62585
2.51679
2.44949
2.74186
2.74686
2.67161
2.64429
2.66699
2.51197
1.99101
1.98675
1.86317
1.91867
1.89173
1.8056
1.83259
1.81475
1.76955
1.77287
1.80859
1.77838
1.86153
1.77838
1.72645
1.75476
1.69932
1.76096
1.74779
1.82077
1.76395
3.37119
3.19221
2.72902
2.61976
2.51699
2.57646
2.48064
2.35923
2.42215
2.38326
2.31556
2.28512
2.33836
2.19349
2.37183
2.30489
2.26921
2.21234
2.12917
2.28428
2.26294
2.31192
2.26361
2.53956
3.56106
2.47017
2.61683
2.77571
2.504
2.45978
2.50395
2.58341
2.63641
2.67619
2.55561
2.59107
2.58678
2.66006
2.62139
2.41987
2.49866
2.51443
2.48379
2.50233
2.76278
2.45357
1.05416
1.05627
1.04997
1.05732
1.04581
1.04633
1.05311
1.04427
1.04945
1.04997
1.05574
1.05468
1.05627
1.04737
1.05574
1.05576
1.05418
1.06854
1.06587
1.05154
1.05311
1.03608
1.04375
10.2049
10.712
9.44187
9.31505
10.6321
11.1703
10.3762
10.3688
10.3255
10.6114
11.138
9.99405
10.6355
10.9018
9.77857
10.2568
10.281
10.4715
10.2312
10.2721
10.1276
10.1058
10.8136
8.07591
8.25598
8.11642
8.24871
8.09486
8.07342
8.37093
8.59658
7.97372
7.97081
8.11742
8.65847
8.29307
8.20533
8.83711
7.99463
8.15632
8.20739
7.84768
8.10237
7.98441
8.27161
8.10588