3.89724
4.06349
3.96132
3.70009
4.55617
3.8209
3.87512
3.80316
3.39917
3.78209
4.07157
3.73723
4.30252
3.73042
3.71688
3.93846
3.63121
4.17959
3.86415
3.2926
3.9767
3.17273
3.83521
4.55617
3.88246
4.32067
4.66515
3.45946
3.42762
4.80751
3.58983
3.10068
3.62478
3.57729
3.60246
4.10421
1.36442
1.49817
1.31198
1.49927
1.31198
1.43367
1.43518
1.40756
1.4803
1.43619
1.33681
1.44889
1.48513
1.43719
1.45248
1.33681
1.37588
1.37727
1.32385
1.30988
1.55152
1.53638
1.4681
1.3932
1.4095
1.56515
1.36442
1.53408
1.47021
1.51816
1.35003
1.40756
1.4681
1.37912
1.40563
1.36624
1.88669
1.78242
1.78787
1.6254
1.7017
1.49435
1.56157
1.806
1.41241
1.52438
1.73854
1.47604
1.53007
1.37128
1.49326
1.37128
1.3699
1.44225
1.60188
1.52893
1.42967
1.52893
1.38192
1.53007
1.60439
1.45661
1.55152
1.43267
1.38098
1.44889
1.4803
1.31916
1.43167
1.44124
1.35629
1.56935
1.03252
1.41144
1.42867
1.45661
1.4242
1.27522
1.35003
1.28805
1.2176
1.24046
1.31114
1.15478
1.23971
1.17769
1.23858
1.16629
1.23971
1.27442
1.32471
1.28522
1.19521
1.29949
1.19521
1.19696
1.19626
1.13652
1.22855
1.17634
1.22929
1.20577
1.17465
1.13652
1.18656
1.20577
1.14509
1.19521
6.4
6.5536
6.5536
6.59581
5.37533
7.0137
6.21548
5.8017
6.01468
6.31125
5.88506
5.8017
6.57464
5.61096
5.59563
5.85143
5.19797
5.40369
5.03194
7.30125
6.25344
6.0324
6.25344
5.94485
4.80751
5.58038
5.90202
7.6848
5.03194
5.18481
4.91717
5.90202
5.31258
6.2344
5.65746
6.19667
7.17338
7.17338
6.09524
6.02353
6.34056
7.59926
6.42006
6.64935
7.0378
6.05917
6.38006
7.19859
7.9534
6.62783
6.49128
6.30154
6.5327
6.51192
6.96599
6.05917
6.73684
6.09524
6.49128
7.54328
6.71475
6.98976
6.69281
6.81531
6.83806
7.0137
5.83476
6.51192
6.7927
7.12348
6.07715
6.49128
0.966722
1.0022
1.01713
1.15576
0.980608
0.980608
0.987702
0.973615
0.987702
1.00961
0.973615
0.994899
1.0022
0.973615
1.0022
0.980608
1.00961
0.980608
0.973615
0.980608
0.980608
0.987702
0.980608
0.966722
0.980608
1.01713
0.987702
1.0022
1.01713
0.987702
0.980608
1.0022
0.980608
1.01036
0.973615
1.0022
4.90539
4.91717
4.54606
4.97087
5.0882
5.10087
5.19797
5.02577
5.10087
4.74623
4.94686
5.85143
4.53599
4.70264
4.63348
4.22268
5.11361
6.09524
4.91717
4.56633
4.39014
4.54606
5.29884
4.44734
4.33898
4.39014
5.72867
5.00734
4.62302
4.01963
5.23116
6.16867
5.78531
4.95884
4.19672
5.13283
13.5629
14.0756
14.2718
13.9795
11.6695
13.9795
14.2718
12.6811
14.4735
14.0756
12.7601
14.5765
14.2718
14.0756
12.8401
14.0756
13.6533
14.173
13.3856
14.2718
12.5644
12.6811
13.8378
12.8401
14.4735
13.2129
13.9795
13.6533
13.5629
13.745
13.4737
13.9795
12.7601
13.9795
13.8378
12.7601
1.21977
1.25915
1.18862
1.27008
1.18862
1.29949
1.30197
1.29049
1.16695
1.20969
1.20897
1.16629
1.15641
1.14509
1.16695
1.20897
1.17769
1.26576
1.12775
1.15576
1.31916
1.22929
1.15478
1.14605
1.28361
1.19626
1.20826
1.30197
1.19836
1.14605
1.32172
1.30446
1.23225
1.25183
1.26811
1.24196
0.987702
1.01713
1.07309
1.04039
1.0022
0.980608
1.00961
0.980608
1.00961
1.09023
0.994899
1.05649
1.00961
1.03252
1.04039
1.01713
1.06473
1.02477
1.01713
1.00961
1.04837
1.02477
1.06556
1.0022
1.00961
1.07309
0.994899
1.05649
1.06473
1.02477
0.980608
1.02477
1.01713
1.04039
1.0022
1.01713
1.73412
1.88062
2.01377
1.73854
1.79649
1.53236
1.57842
1.75643
1.51311
1.56515
1.78397
1.44225
1.54508
1.46547
1.50866
1.3699
1.41388
1.52551
1.52779
1.59813
1.44124
1.60063
1.45765
1.46443
1.68838
1.47338
1.6463
1.46443
1.42618
1.53121
1.48513
1.40034
1.51311
1.56276
1.41388
1.6126
1.0022
1.04039
1.09023
1.04039
1.0022
1.0333
1.02477
0.994899
1.04039
1.10793
1.02477
1.06473
1.02477
1.04837
1.07309
1.04039
1.10793
1.03252
1.03252
1.02477
1.04837
1.03252
1.07394
1.03252
1.04039
1.09989
1.01713
1.08159
1.08159
1.05649
1.0022
1.04039
1.01713
1.07394
1.03252
1.02477
5.38947
5.40369
5.15869
5.91053
6.21548
5.96215
5.17172
5.96215
5.64966
5.12
5.19797
7.0137
5.71269
5.14573
5.17172
5.681
5.45406
4.76279
5.42517
5.06304
6.49128
5.94485
6.0413
5.8682
5.96215
5.71269
5.37533
4.80751
5.21783
5.64966
5.89353
5.28516
5.49799
5.03813
4.98297
5.11361
0.994899
1.12713
1.09901
1.10793
1.13557
1.1262
1.10793
1.01713
1.05649
0.994899
1.02477
1.04039
0.973615
1.03252
1.02477
0.987702
1.02477
1.00961
1.00961
1.03252
1.02477
1.0911
1.02477
1.00961
1.04039
1.0022
1.04039
1.0022
1.01713
1.01713
0.994899
1.02477
1.00961
0.987702
1.00961
1.00961
1.72827
1.56396
1.59006
1.56635
1.50866
1.31282
1.50588
1.46129
1.3162
1.3951
1.44582
1.3162
1.42618
1.30571
1.39795
1.25413
1.34207
1.36533
1.4242
1.38192
1.26147
1.36533
1.28967
1.34119
1.41388
1.31282
1.41144
1.25413
1.28805
1.30032
1.30446
1.23003
1.31451
1.33944
1.21651
1.35629
6.36025
5.39657
6.19667
5.61866
5.36126
5.06304
5.25802
5.24456
5.34726
5.24456
5.58038
6.29186
5.83476
5.52022
5.15869
5.19797
5.6968
5.05055
5.94485
5.3057
5.05055
5.23116
6.42006
5.27156
5.76901
5.24456
4.99512
5.59563
4.75174
5.34726
5.76901
5.34726
5.28516
4.79625
5.37533
5.14573
1.05649
1.09023
1.09023
1.13557
1.04039
1.18484
1.16463
1.07309
1.18484
1.09989
1.09901
1.09023
1.07309
1.11699
1.10883
1.04837
1.1262
1.1262
1.13557
1.09023
1.1262
1.22855
1.15641
1.09023
1.10793
1.15478
1.15478
1.13557
1.10793
1.15478
1.09023
1.10883
1.06473
1.02477
1.14509
1.03252
3.79611
3.19501
4.28004
3.53103
3.3166
3.12195
3.02735
3.89724
2.97458
2.97458
3.21003
3.54325
4.02753
4.07968
3.80316
3.87146
3.67354
4.01963
3.29791
3.69342
4.32981
3.56174
3.13629
4.5011
4.64399
3.12195
3.54939
3.74406
3.56174
3.04535
3.78908
3.68014
3.49786
4.46187
3.21507
3.4919
9.3516
9.3945
9.43779
9.3945
8.8658
9.24605
9.3945
9.48148
8.62316
9.43779
9.3945
9.52558
9.20449
9.77566
9.3516
9.52558
9.24605
9.52558
9.28798
9.28798
9.12249
9.52558
9.43779
8.8658
9.48148
9.3945
9.20449
9.04194
9.28798
8.90435
8.55115
9.3945
9.28798
8.8658
8.69639
9.24605
1.70952
1.64168
1.73854
1.69256
1.70312
1.54741
1.63513
1.68699
1.54741
1.62669
1.64498
1.4771
1.50977
1.46443
1.58575
1.46233
1.53007
1.45558
1.58208
1.68699
1.42321
1.68076
1.41241
1.49872
1.66775
1.47604
1.58208
1.44786
1.41144
1.512
1.41681
1.31535
1.39939
1.56157
1.44786
1.58575
7.90734
9.02203
9.96594
7.58519
8.39344
9.24605
9.75238
9.82254
9.91768
10.7507
8.90435
9.70616
8.46281
9.91768
8.53333
10.8647
9.82254
9.02203
9.28798
9.70616
10.8074
9.24605
10.7507
7.7723
9.10222
10.584
9.91768
9.70616
8.46281
8.73348
10.639
9.16331
10.639
8
8.587
8.82759
5.49799
5.25802
5.96215
6.36025
6.5536
6.02353
6.62783
5.25802
5.76901
5.66528
6.45039
5.3057
5.31948
5.59563
5.91053
6.07715
5.78531
5.14573
5.25802
5.48327
4.98297
5.76901
5.8682
4.95884
5.56522
5.83476
4.69187
5.96215
6.1594
6.1594
5.31948
6.17798
5.48327
4.79625
6.19667
5.76901
1.28522
1.31114
1.3487
1.49927
1.22745
1.31282
1.36533
1.28522
1.23971
1.31114
1.41877
1.16463
1.19626
1.08159
1.23971
1.20684
1.19626
1.20755
1.22745
1.22745
1.32385
1.24992
1.24046
1.18656
1.18587
1.25183
1.29743
1.23971
1.24992
1.26147
1.18484
1.17465
1.14509
1.15478
1.19521
1.15478
4.26223
4.17959
4.23578
4.22704
4.63348
4.17108
4.21399
4.24456
4.68114
3.84962
3.65062
4.83589
5.06304
4.2314
3.56484
4.23578
3.98056
4.40904
3.96899
4.76279
4.41855
4.68114
3.8678
4.36674
3.94605
4.63348
3.87512
3.88246
4.1332
4.39014
4.55617
3.84962
3.9309
4.15838
4.73526
3.91962
2.22246
2.17179
2.05933
2.06348
1.90335
1.643
1.78397
1.85507
1.85507
1.70667
1.88843
1.65028
1.64763
1.92662
1.76933
1.64037
1.6664
1.81802
1.73854
2.00883
1.73266
1.75945
1.77316
1.81802
1.94955
1.68699
1.68977
1.69116
2.06348
1.88495
1.65028
1.73119
1.75643
1.94955
1.76476
1.89717