11.77
11.16
12.33
12.21
11.01
12.03
10.59
9.86
10.07
10.21
9.91
9.35
9.53
9.50
9.22
9.43
9.59
9.28
9.57
9.18
9.15
8.76
8.76
24.55
25.77
25.28
20.57
19.30
21.31
18.30
18.32
18.13
17.19
17.60
16.86
17.16
17.71
17.29
17.25
17.14
17.25
16.98
16.60
17.73
16.53
17.20
18.08
16.48
17.02
15.67
15.90
14.69
14.48
13.68
13.60
13.57
13.87
13.98
13.74
14.16
14.28
14.31
14.07
14.14
14.34
14.42
14.14
14.64
13.94
10.62
10.69
10.17
9.47
9.28
9.12
8.96
8.30
8.44
8.74
8.54
8.52
8.42
8.66
8.80
9.05
9.21
9.22
9.09
8.90
9.21
9.22
9.06
10.36
10.34
10.53
10.52
10.04
9.86
9.77
8.87
8.89
9.03
9.36
9.79
9.64
9.17
9.20
9.42
9.00
8.83
8.84
9.21
9.82
9.64
9.68
11.97
11.67
11.49
11.39
10.51
10.27
10.32
9.46
9.46
9.45
9.47
9.46
9.46
9.53
9.53
9.57
9.54
9.50
9.48
9.47
9.48
9.47
9.47
17.04
16.24
16.32
15.60
14.62
14.03
13.72
13.10
13.12
13.14
12.99
13.34
13.34
13.40
13.36
13.52
13.28
13.49
13.00
13.66
12.89
12.91
13.62
11.76
11.38
11.35
10.97
10.59
10.29
9.92
9.58
9.67
9.64
9.64
9.66
9.67
9.72
9.76
9.63
9.57
9.65
9.68
9.74
9.84
9.88
9.74
14.19
14.25
14.08
13.81
13.17
12.22
11.86
11.26
11.16
11.10
11.18
11.17
11.09
11.21
11.17
11.12
11.18
11.18
11.21
11.11
11.05
11.14
11.12
12.02
12.20
11.68
11.12
11.16
10.59
10.15
9.52
9.43
9.25
8.98
8.89
8.76
8.75
8.56
8.73
8.74
8.58
8.66
8.50
8.51
8.15
8.30
11.82
11.16
10.07
9.80
9.55
8.89
8.73
8.16
8.06
8.06
8.12
8.20
8.15
8.16
8.23
8.47
8.42
8.28
8.18
8.15
7.98
7.70
7.81
22.79
21.55
19.72
19.45
19.40
17.64
17.42
16.19
15.97
16.03
16.24
15.90
15.26
15.05
15.09
14.91
14.83
15.02
15.18
14.77
15.20
14.81
15.26
12.45
12.19
12.04
11.53
10.93
10.68
10.34
9.77
9.85
9.87
9.83
9.81
9.73
9.73
9.74
9.73
9.82
9.81
9.81
9.83
9.83
9.86
9.90
12.37
13.24
11.74
10.83
10.46
9.94
9.60
9.09
9.04
9.10
9.03
8.85
9.01
8.93
8.92
8.85
8.85
8.99
8.85
8.92
8.97
8.92
8.89
19.61
19.82
19.56
17.45
16.75
15.78
14.83
14.33
14.21
14.29
14.48
14.40
14.21
14.17
13.80
13.73
13.73
14.46
14.79
13.68
14.59
13.78
13.79
12.57
12.50
12.23
11.86
11.72
11.15
10.78
10.26
10.31
10.34
10.44
10.37
10.32
10.30
10.30
10.27
10.37
10.43
10.47
10.45
10.41
10.43
10.44
12.19
11.97
11.69
11.34
10.80
10.45
9.99
9.60
9.58
9.65
9.63
9.70
9.71
9.80
9.72
9.78
9.73
9.73
9.70
9.69
9.71
9.69
9.69
12.39
12.38
12.10
12.29
11.70
10.92
10.49
10.16
10.22
10.27
10.51
10.46
10.46
10.60
10.55
10.61
10.73
10.54
10.65
10.48
10.63
10.66
10.55
12.59
12.28
12.01
11.72
11.01
10.83
10.37
9.92
10.00
10.03
10.01
10.03
9.97
10.03
10.03
10.06
10.07
10.07
10.08
10.06
10.10
10.15
10.09
12.93
12.03
11.64
10.92
10.74
9.92
9.83
9.12
9.23
9.50
10.55
9.60
9.59
9.70
9.20
9.87
10.03
9.75
9.67
9.84
10.10
9.49
9.76
11.81
11.79
9.90
10.07
9.33
8.81
8.98
8.12
8.12
8.08
8.13
8.13
8.15
8.17
8.19
8.46
8.53
8.38
8.40
8.22
8.35
8.01
8.10
13.30
13.60
12.52
11.69
10.66
10.42
9.69
9.36
9.10
9.30
9.15
9.18
8.90
9.01
8.87
9.17
9.08
8.93
9.07
8.99
9.13
8.72
9.00
10.31
10.67
8.96
8.95
9.39
8.17
7.66
7.50
8.35
8.34
8.44
8.60
8.48
7.49
8.54
7.28
7.23
7.17
8.71
7.54
8.71
8.70
7.57
15.29
14.86
14.88
15.39
15.66
15.16
14.30
13.37
12.99
12.42
11.88
12.03
11.99
12.45
12.56
12.90
12.95
12.91
12.81
12.76
12.51
12.60
12.64
13.09
12.94
12.43
12.18
11.76
11.53
11.23
10.65
10.76
10.95
10.88
10.83
10.71
10.84
10.81
10.76
10.66
10.65
10.53
10.44
10.38
10.43
10.39
13.10
13.06
12.61
12.29
11.97
11.60
11.05
10.59
10.63
10.67
10.72
10.76
10.76
10.72
10.72
10.76
10.78
10.79
10.75
10.79
10.71
10.71
10.68