9.59
10.00
9.07
8.79
8.82
8.67
8.78
8.39
8.40
7.60
7.56
7.28
7.14
7.20
7.64
7.65
7.92
7.68
7.48
7.90
7.50
7.69
7.40
7.39
7.27
7.26
7.84
8.16
7.68
7.39
7.67
7.57
7.41
7.27
7.30
7.30
12.10
11.00
11.95
11.52
11.60
10.90
10.85
10.31
10.15
9.78
9.87
9.30
9.13
9.08
9.09
9.52
9.35
9.42
9.61
9.88
9.07
9.43
9.06
9.15
8.89
9.52
9.68
9.33
9.15
9.49
9.48
9.39
9.20
9.28
9.18
9.00
11.92
11.97
11.37
9.73
9.80
9.54
8.89
12.46
8.70
7.63
10.99
7.62
7.16
7.87
8.16
7.23
7.31
7.43
8.85
8.01
7.13
7.86
7.31
9.08
7.91
7.90
8.65
7.80
6.54
7.76
7.76
6.81
7.20
7.36
7.97
7.89
9.94
9.41
10.14
10.43
10.22
9.48
9.21
8.30
8.11
6.92
7.74
7.13
7.20
8.56
7.66
7.01
7.88
7.68
7.91
7.17
7.41
7.43
7.09
6.97
6.98
6.97
7.04
7.22
6.97
7.14
6.89
6.58
7.64
6.39
6.65
6.48
9.69
10.37
9.50
9.43
9.04
8.54
8.23
7.92
7.68
7.58
7.18
7.17
7.10
7.20
7.64
7.72
7.56
7.37
7.26
7.43
7.30
7.42
7.57
7.44
7.54
7.89
7.77
7.52
7.55
7.54
7.34
7.44
7.60
7.51
7.84
7.35
9.78
10.18
10.05
10.04
10.20
9.54
9.48
9.02
8.69
8.48
8.21
8.16
8.00
8.12
8.10
8.17
8.29
8.20
8.25
8.28
8.30
8.28
8.36
8.20
8.50
8.37
8.38
8.45
8.46
8.51
8.56
8.63
8.49
8.42
8.58
8.69
13.68
13.37
14.98
18.53
12.97
12.72
12.37
11.73
11.79
11.19
11.55
10.56
10.82
11.22
10.72
12.01
11.36
10.96
12.01
10.34
11.39
11.94
10.90
12.54
12.51
10.55
11.63
10.88
11.04
11.19
11.08
11.47
12.53
10.18
11.55
11.19
9.60
9.51
9.23
8.98
9.01
8.78
8.31
8.31
8.24
8.21
7.84
7.76
7.69
7.63
7.36
7.31
7.41
7.87
7.56
7.51
7.56
7.67
7.27
7.15
7.13
7.52
7.47
7.68
7.58
7.48
7.56
7.52
7.47
7.42
7.39
7.26
11.27
11.28
10.46
10.51
10.58
10.03
9.73
9.73
9.31
9.07
8.98
8.66
8.65
8.67
8.71
8.66
8.63
8.67
8.67
8.66
8.65
8.85
8.85
8.86
8.78
8.81
8.92
8.84
8.85
8.80
8.88
8.86
8.81
8.59
8.80
8.81
9.50
8.38
8.52
7.40
7.92
9.08
8.41
6.97
6.90
6.65
7.11
6.25
6.84
6.53
6.28
6.57
6.47
6.33
6.90
6.97
6.02
6.20
6.58
6.81
6.16
6.75
6.41
5.96
5.99
6.27
6.09
6.11
6.20
5.97
5.83
6.27
12.13
12.26
12.75
13.07
12.97
13.57
14.87
12.73
11.67
10.96
11.92
11.09
10.84
11.39
10.74
10.73
10.69
10.84
11.19
10.81
9.76
10.63
9.85
10.69
10.46
10.12
10.63
10.22
10.44
10.20
11.12
11.25
11.27
10.51
11.23
11.63
10.99
12.77
13.14
10.81
10.13
9.67
9.14
10.03
9.86
7.61
9.20
7.72
7.42
8.29
7.43
7.38
7.29
7.50
7.15
7.83
7.05
8.11
6.79
7.21
7.60
7.25
7.72
7.66
7.03
7.65
7.47
7.27
7.76
7.24
7.70
7.66
15.75
15.02
15.71
14.10
13.91
13.87
13.37
13.28
11.96
11.30
11.44
10.44
10.59
10.41
10.38
10.82
10.85
10.64
10.52
9.60
11.10
10.92
10.60
9.93
10.12
9.50
11.17
10.38
10.96
10.90
9.79
11.00
11.80
9.79
10.64
11.31
10.91
10.24
10.98
10.70
10.52
10.29
9.77
9.46
9.31
8.73
8.51
7.44
8.05
8.09
8.06
8.17
8.20
8.11
8.22
7.93
7.81
7.85
7.98
7.74
7.75
7.97
7.80
7.97
7.75
7.78
7.75
7.95
7.79
7.85
7.81
7.82
19.21
19.01
18.29
17.36
17.00
15.78
16.43
15.23
15.66
12.72
13.74
13.84
12.62
12.82
10.59
11.98
13.08
11.02
11.79
12.45
10.83
13.01
12.61
10.92
11.60
11.88
12.43
10.53
11.79
11.84
11.27
10.52
13.42
13.43
10.27
13.15
12.18
11.00
11.70
10.86
10.89
10.27
9.95
9.83
9.85
7.91
9.13
7.87
7.99
9.19
8.49
7.78
8.25
7.80
7.96
8.10
7.39
8.23
7.81
8.13
7.91
7.78
8.14
7.43
7.77
8.07
7.68
7.08
7.79
7.72
7.88
7.91
11.19
11.17
10.84
10.97
10.81
10.67
10.25
9.85
9.73
9.45
9.02
8.82
8.50
8.92
8.93
8.86
8.87
8.80
8.88
8.86
8.84
8.90
8.80
8.82
8.76
8.79
8.85
8.79
8.80
8.92
8.87
8.86
8.87
8.98
8.85
8.96
14.20
13.60
15.41
14.23
13.94
14.06
13.60
14.02
12.37
11.30
11.21
10.38
10.57
10.03
10.67
10.44
10.54
10.26
10.53
10.50
10.69
9.48
9.76
9.97
9.53
9.71
9.18
9.22
9.49
9.96
9.57
10.37
10.09
9.79
9.60
9.67
9.31
10.59
9.85
11.64
10.70
10.09
9.50
9.20
9.37
8.68
8.40
7.87
7.67
7.65
7.95
7.72
7.60
7.82
7.79
7.95
7.66
7.78
7.98
7.64
7.92
7.99
7.80
7.76
7.76
7.90
7.74
7.96
8.05
8.03
7.99
8.18
11.25
11.24
11.12
10.94
10.76
10.30
10.23
9.97
9.82
9.69
9.14
8.83
8.85
8.89
8.86
8.88
9.00
9.06
8.98
9.10
9.02
9.03
8.96
9.09
9.07
9.02
9.07
9.01
9.00
9.04
8.98
9.03
9.06
9.11
9.08
9.11
11.93
11.21
13.04
11.31
10.13
10.73
9.80
9.91
10.65
9.78
8.89
9.20
7.67
9.11
8.26
9.18
8.01
7.78
7.93
8.21
7.57
9.52
7.53
7.72
7.99
7.81
8.15
8.43
7.76
7.70
8.24
7.60
8.09
7.47
8.19
8.08
12.42
11.97
11.76
11.31
11.43
10.92
10.55
10.46
10.15
9.78
9.49
9.04
8.94
9.04
9.04
9.25
9.23
9.13
9.15
9.27
9.14
9.11
9.09
9.20
9.12
8.89
9.00
9.11
9.14
9.03
9.03
9.20
9.23
9.54
9.25
9.13
13.23
13.15
12.54
12.18
11.86
11.82
11.47
11.11
10.73
10.35
10.19
9.80
9.79
9.65
9.79
9.74
9.57
9.64
9.73
9.94
9.83
9.88
9.79
9.87
9.82
9.63
9.72
9.70
9.65
9.72
9.68
9.72
9.75
9.74
9.72
9.65
8.91
8.17
8.37
8.18
7.60
7.65
7.36
6.47
6.77
6.47
6.06
5.94
5.42
6.39
6.10
6.16
8.57
5.94
5.90
5.85
5.69
5.90
5.82
5.99
5.84
6.03
5.63
5.70
5.79
5.63
5.66
5.65
5.81
5.77
5.99
5.75
12.69
13.20
12.65
12.88
12.72
12.15
12.06
11.78
11.33
10.97
10.44
9.94
10.26
10.10
10.13
9.83
10.23
10.06
10.21
9.85
10.20
10.26
9.86
9.98
9.85
9.89
9.95
9.91
9.78
9.99
9.56
9.56
9.67
9.38
9.79
9.51
8.59
7.29
9.02
7.74
6.95
7.21
6.90
7.15
6.40
7.09
5.48
5.64
6.71
5.66
5.38
6.24
5.73
5.79
5.63
5.60
5.81
5.75
6.89
5.79
5.68
5.81
6.67
5.55
6.89
6.00
5.80
6.61
5.64
6.93
5.64
5.84